    0.0000        -31.7
    1.0000        -31.7002
    2.0000    -31.7004
    3.0000    -31.7008
    4.0000    -31.7012
    5.0000    -31.7016
    6.0000    -31.7020
    7.0000    -31.7024
    8.0000    -31.7028
    9.0000    -31.7032
   10.0000    -31.7036
   11.0000    -31.7040
   12.0000    -31.7044
   13.0000    -31.7048
   14.0000    -31.7052
   15.0000    -31.7056
   16.0000    -31.7060
   17.0000    -31.7064
   18.0000    -31.7068
   19.0000    -31.7072
   20.0000    -31.7076
   21.0000    -31.7080
   22.0000    -31.7085
   23.0000    -31.7091
   24.0000    -31.7097
   25.0000    -31.7103
   26.0000    -31.7109
   27.0000    -31.7115
   28.0000    -31.7121
   29.0000    -31.7127
   30.0000    -31.7133
   31.0000    -31.7139
   32.0000    -31.7144
   33.0000    -31.7150
   34.0000    -31.7155
   35.0000    -31.7159
   36.0000    -31.7165
   37.0000    -31.7170
   38.0000    -31.7174
   39.0000    -31.7180
   40.0000    -31.7185
   41.0000    -31.7190
   42.0000    -31.7195
   43.0000    -31.7201
   44.0000    -31.7207
   45.0000    -31.7213
   46.0000    -31.7219
   47.0000    -31.7225
   48.0000    -31.7231
   49.0000    -31.7237
   50.0000    -31.7243
   51.0000    -31.7249
   52.0000    -31.7255
   53.0000    -31.7261
   54.0000    -31.7267
   55.0000    -31.7273
   56.0000    -31.7279
   57.0000    -31.7285
   58.0000    -31.7291
   59.0000    -31.7297
   60.0000    -31.7303
   61.0000    -31.7309
   62.0000    -31.7313
   63.0000    -31.7316
   64.0000    -31.7319
   65.0000    -31.7322
   66.0000    -31.7325
   67.0000    -31.7328
   68.0000    -31.7331
   69.0000    -31.7334
   70.0000    -31.7337
   71.0000    -31.7340
   72.0000    -31.7345
   73.0000    -31.7351
   74.0000    -31.7357
   75.0000    -31.7363
   76.0000    -31.7369
   77.0000    -31.7375
   78.0000    -31.7381
   79.0000    -31.7387
   80.0000    -31.7393
   81.0000    -31.7399
   82.0000    -31.7404
   83.0000    -31.7409
   84.0000    -31.7415
   85.0000    -31.7420
   86.0000    -31.7424
   87.0000    -31.7430
   88.0000    -31.7434
   89.0000    -31.7440
   90.0000    -31.7445
   91.0000    -31.7449
   92.0000    -31.7453
   93.0000    -31.7456
   94.0000    -31.7459
   95.0000    -31.7462
   96.0000    -31.7465
   97.0000    -31.7468
   98.0000    -31.7471
   99.0000    -31.7474
  100.0000    -31.7477
  101.0000    -31.7480
  102.0000    -31.7486
  103.0000    -31.7493
  104.0000    -31.7500
  105.0000    -31.7507
  106.0000    -31.7514
  107.0000    -31.7521
  108.0000    -31.7528
  109.0000    -31.7535
  110.0000    -31.7542
  111.0000    -31.7549
  112.0000    -31.7560
  113.0000    -31.7571
  114.0000    -31.7582
  115.0000    -31.7593
  116.0000    -31.7604
  117.0000    -31.7615
  118.0000    -31.7626
  119.0000    -31.7637
  120.0000    -31.7648
  121.0000    -31.7659
  122.0000    -31.7662
  123.0000    -31.7664
  124.0000    -31.7666
  125.0000    -31.7668
  126.0000    -31.7670
  127.0000    -31.7672
  128.0000    -31.7674
  129.0000    -31.7676
  130.0000    -31.7678
  131.0000    -31.7680
  132.0000    -31.7681
  133.0000    -31.7682
  134.0000    -31.7683
  135.0000    -31.7684
  136.0000    -31.7685
  137.0000    -31.7686
  138.0000    -31.7687
  139.0000    -31.7688
  140.0000    -31.7689
  141.0000    -31.7690
  142.0000    -31.7687
  143.0000    -31.7684
  144.0000    -31.7681
  145.0000    -31.7678
  146.0000    -31.7675
  147.0000    -31.7672
  148.0000    -31.7669
  149.0000    -31.7666
  150.0000    -31.7663
  151.0000    -31.7660
  152.0000    -31.7655
  153.0000    -31.7649
  154.0000    -31.7643
  155.0000    -31.7637
  156.0000    -31.7631
  157.0000    -31.7625
  158.0000    -31.7619
  159.0000    -31.7613
  160.0000    -31.7607
  161.0000    -31.7601
  162.0000    -31.7592
  163.0000    -31.7583
  164.0000    -31.7574
  165.0000    -31.7565
  166.0000    -31.7556
  167.0000    -31.7547
  168.0000    -31.7538
  169.0000    -31.7529
  170.0000    -31.7520
  171.0000    -31.7511
  172.0000    -31.7499
  173.0000    -31.7487
  174.0000    -31.7475
  175.0000    -31.7463
  176.0000    -31.7451
  177.0000    -31.7439
  178.0000    -31.7427
  179.0000    -31.7415
  180.0000    -31.7403
  181.0000    -31.7391
  182.0000    -31.7379
  183.0000    -31.7367
  184.0000    -31.7355
  185.0000    -31.7343
  186.0000    -31.7331
  187.0000    -31.7319
  188.0000    -31.7307
  189.0000    -31.7295
  190.0000    -31.7283
  191.0000    -31.7271
  192.0000    -31.7256
  193.0000    -31.7240
  194.0000    -31.7224
  195.0000    -31.7208
  196.0000    -31.7192
  197.0000    -31.7176
  198.0000    -31.7160
  199.0000    -31.7144
  200.0000    -31.7128
  201.0000    -31.7112
  202.0000    -31.7094
  203.0000    -31.7076
  204.0000    -31.7058
  205.0000    -31.7040
  206.0000    -31.7022
  207.0000    -31.7004
  208.0000    -31.6986
  209.0000    -31.6968
  210.0000    -31.6950
  211.0000    -31.6932
  212.0000    -31.6912
  213.0000    -31.6892
  214.0000    -31.6872
  215.0000    -31.6852
  216.0000    -31.6832
  217.0000    -31.6812
  218.0000    -31.6792
  219.0000    -31.6772
  220.0000    -31.6752
  221.0000    -31.6732
  222.0000    -31.6720
  223.0000    -31.6709
  224.0000    -31.6698
  225.0000    -31.6687
  226.0000    -31.6676
  227.0000    -31.6665
  228.0000    -31.6654
  229.0000    -31.6643
  230.0000    -31.6632
  231.0000    -31.6621
  232.0000    -31.6597
  233.0000    -31.6572
  234.0000    -31.6548
  235.0000    -31.6523
  236.0000    -31.6497
  237.0000    -31.6473
  238.0000    -31.6448
  239.0000    -31.6423
  240.0000    -31.6397
  241.0000    -31.6373
  242.0000    -31.6354
  243.0000    -31.6336
  244.0000    -31.6318
  245.0000    -31.6300
  246.0000    -31.6282
  247.0000    -31.6264
  248.0000    -31.6246
  249.0000    -31.6228
  250.0000    -31.6210
  251.0000    -31.6192
  252.0000    -31.6173
  253.0000    -31.6154
  254.0000    -31.6135
  255.0000    -31.6116
  256.0000    -31.6097
  257.0000    -31.6078
  258.0000    -31.6059
  259.0000    -31.6040
  260.0000    -31.6021
  261.0000    -31.6002
  262.0000    -31.5983
  263.0000    -31.5964
  264.0000    -31.5945
  265.0000    -31.5926
  266.0000    -31.5907
  267.0000    -31.5888
  268.0000    -31.5869
  269.0000    -31.5850
  270.0000    -31.5831
  271.0000    -31.5812
  272.0000    -31.5797
  273.0000    -31.5783
  274.0000    -31.5769
  275.0000    -31.5755
  276.0000    -31.5741
  277.0000    -31.5727
  278.0000    -31.5713
  279.0000    -31.5699
  280.0000    -31.5685
  281.0000    -31.5671
  282.0000    -31.5655
  283.0000    -31.5638
  284.0000    -31.5621
  285.0000    -31.5604
  286.0000    -31.5587
  287.0000    -31.5570
  288.0000    -31.5553
  289.0000    -31.5536
  290.0000    -31.5519
  291.0000    -31.5502
  292.0000    -31.5481
  293.0000    -31.5460
  294.0000    -31.5439
  295.0000    -31.5418
  296.0000    -31.5397
  297.0000    -31.5376
  298.0000    -31.5355
  299.0000    -31.5334
  300.0000    -31.5313
  301.0000    -31.5292
  302.0000    -31.5275
  303.0000    -31.5258
  304.0000    -31.5241
  305.0000    -31.5224
  306.0000    -31.5207
  307.0000    -31.5190
  308.0000    -31.5173
  309.0000    -31.5156
  310.0000    -31.5139
  311.0000    -31.5122
  312.0000    -31.5107
  313.0000    -31.5093
  314.0000    -31.5079
  315.0000    -31.5065
  316.0000    -31.5051
  317.0000    -31.5037
  318.0000    -31.5023
  319.0000    -31.5009
  320.0000    -31.4995
  321.0000    -31.4981
  322.0000    -31.4966
  323.0000    -31.4952
  324.0000    -31.4937
  325.0000    -31.4922
  326.0000    -31.4907
  327.0000    -31.4892
  328.0000    -31.4877
  329.0000    -31.4862
  330.0000    -31.4846
  331.0000    -31.4831
  332.0000    -31.4817
  333.0000    -31.4803
  334.0000    -31.4789
  335.0000    -31.4775
  336.0000    -31.4761
  337.0000    -31.4747
  338.0000    -31.4733
  339.0000    -31.4719
  340.0000    -31.4705
  341.0000    -31.4691
  342.0000    -31.4677
  343.0000    -31.4663
  344.0000    -31.4649
  345.0000    -31.4635
  346.0000    -31.4621
  347.0000    -31.4607
  348.0000    -31.4593
  349.0000    -31.4579
  350.0000    -31.4565
  351.0000    -31.4551
  352.0000    -31.4538
  353.0000    -31.4525
  354.0000    -31.4512
  355.0000    -31.4499
  356.0000    -31.4486
  357.0000    -31.4473
  358.0000    -31.4460
  359.0000    -31.4447
  360.0000    -31.4434
  361.0000    -31.4421
  362.0000    -31.4410
  363.0000    -31.4399
  364.0000    -31.4388
  365.0000    -31.4377
  366.0000    -31.4366
  367.0000    -31.4355
  368.0000    -31.4344
  369.0000    -31.4333
  370.0000    -31.4322
  371.0000    -31.4311
  372.0000    -31.4297
  373.0000    -31.4283
  374.0000    -31.4269
  375.0000    -31.4255
  376.0000    -31.4241
  377.0000    -31.4227
  378.0000    -31.4213
  379.0000    -31.4199
  380.0000    -31.4185
  381.0000    -31.4171
  382.0000    -31.4160
  383.0000    -31.4149
  384.0000    -31.4138
  385.0000    -31.4127
  386.0000    -31.4116
  387.0000    -31.4105
  388.0000    -31.4094
  389.0000    -31.4083
  390.0000    -31.4072
  391.0000    -31.4061
  392.0000    -31.4050
  393.0000    -31.4039
  394.0000    -31.4028
  395.0000    -31.4017
  396.0000    -31.4006
  397.0000    -31.3995
  398.0000    -31.3984
  399.0000    -31.3973
  400.0000    -31.3962
  401.0000    -31.3951
  402.0000    -31.3941
  403.0000    -31.3931
  404.0000    -31.3921
  405.0000    -31.3911
  406.0000    -31.3901
  407.0000    -31.3891
  408.0000    -31.3881
  409.0000    -31.3871
  410.0000    -31.3861
  411.0000    -31.3851
  412.0000    -31.3841
  413.0000    -31.3831
  414.0000    -31.3821
  415.0000    -31.3811
  416.0000    -31.3801
  417.0000    -31.3791
  418.0000    -31.3781
  419.0000    -31.3771
  420.0000    -31.3761
  421.0000    -31.3751
  422.0000    -31.3743
  423.0000    -31.3735
  424.0000    -31.3727
  425.0000    -31.3719
  426.0000    -31.3711
  427.0000    -31.3703
  428.0000    -31.3695
  429.0000    -31.3687
  430.0000    -31.3679
  431.0000    -31.3671
  432.0000    -31.3663
  433.0000    -31.3655
  434.0000    -31.3647
  435.0000    -31.3639
  436.0000    -31.3631
  437.0000    -31.3623
  438.0000    -31.3615
  439.0000    -31.3607
  440.0000    -31.3599
  441.0000    -31.3591
  442.0000    -31.3586
  443.0000    -31.3582
  444.0000    -31.3578
  445.0000    -31.3574
  446.0000    -31.3570
  447.0000    -31.3566
  448.0000    -31.3562
  449.0000    -31.3558
  450.0000    -31.3554
  451.0000    -31.3550
  452.0000    -31.3541
  453.0000    -31.3531
  454.0000    -31.3521
  455.0000    -31.3511
  456.0000    -31.3501
  457.0000    -31.3491
  458.0000    -31.3481
  459.0000    -31.3471
  460.0000    -31.3461
  461.0000    -31.3451
  462.0000    -31.3443
  463.0000    -31.3435
  464.0000    -31.3427
  465.0000    -31.3419
  466.0000    -31.3411
  467.0000    -31.3403
  468.0000    -31.3395
  469.0000    -31.3387
  470.0000    -31.3379
  471.0000    -31.3371
  472.0000    -31.3368
  473.0000    -31.3366
  474.0000    -31.3364
  475.0000    -31.3362
  476.0000    -31.3360
  477.0000    -31.3358
  478.0000    -31.3356
  479.0000    -31.3354
  480.0000    -31.3352
  481.0000    -31.3350
  482.0000    -31.3345
  483.0000    -31.3339
  484.0000    -31.3333
  485.0000    -31.3327
  486.0000    -31.3321
  487.0000    -31.3315
  488.0000    -31.3309
  489.0000    -31.3303
  490.0000    -31.3297
  491.0000    -31.3291
  492.0000    -31.3286
  493.0000    -31.3281
  494.0000    -31.3276
  495.0000    -31.3271
  496.0000    -31.3265
  497.0000    -31.3261
  498.0000    -31.3256
  499.0000    -31.3251
  500.0000    -31.3246
  501.0000    -31.3241
  502.0000    -31.3234
  503.0000    -31.3227
  504.0000    -31.3220
  505.0000    -31.3213
  506.0000    -31.3206
  507.0000    -31.3199
  508.0000    -31.3192
  509.0000    -31.3185
  510.0000    -31.3178
  511.0000    -31.3171
  512.0000    -31.3170
  513.0000    -31.3170
  514.0000    -31.3170
  515.0000    -31.3170
  516.0000    -31.3170
  517.0000    -31.3170
  518.0000    -31.3170
  519.0000    -31.3170
  520.0000    -31.3170
  521.0000    -31.3170
  522.0000    -31.3169
  523.0000    -31.3168
  524.0000    -31.3167
  525.0000    -31.3166
  526.0000    -31.3165
  527.0000    -31.3164
  528.0000    -31.3163
  529.0000    -31.3162
  530.0000    -31.3161
  531.0000    -31.3160
  532.0000    -31.3157
  533.0000    -31.3154
  534.0000    -31.3151
  535.0000    -31.3148
  536.0000    -31.3145
  537.0000    -31.3142
  538.0000    -31.3139
  539.0000    -31.3136
  540.0000    -31.3133
  541.0000    -31.3130
  542.0000    -31.3127
  543.0000    -31.3124
  544.0000    -31.3121
  545.0000    -31.3118
  546.0000    -31.3115
  547.0000    -31.3112
  548.0000    -31.3109
  549.0000    -31.3106
  550.0000    -31.3103
  551.0000    -31.3100
  552.0000    -31.3100
  553.0000    -31.3100
  554.0000    -31.3100
  555.0000    -31.3100
  556.0000    -31.3100
  557.0000    -31.3100
  558.0000    -31.3100
  559.0000    -31.3100
  560.0000    -31.3100
  561.0000    -31.3100
  562.0000    -31.3100
  563.0000    -31.3100
  564.0000    -31.3100
  565.0000    -31.3100
  566.0000    -31.3100
  567.0000    -31.3100
  568.0000    -31.3100
  569.0000    -31.3100
  570.0000    -31.3100
  571.0000    -31.3100
  572.0000    -31.3099
  573.0000    -31.3098
  574.0000    -31.3097
  575.0000    -31.3096
  576.0000    -31.3095
  577.0000    -31.3094
  578.0000    -31.3093
  579.0000    -31.3092
  580.0000    -31.3091
  581.0000    -31.3090
  582.0000    -31.3094
  583.0000    -31.3098
  584.0000    -31.3102
  585.0000    -31.3106
  586.0000    -31.3110
  587.0000    -31.3114
  588.0000    -31.3118
  589.0000    -31.3122
  590.0000    -31.3126
  591.0000    -31.3130
  592.0000    -31.3131
  593.0000    -31.3132
  594.0000    -31.3133
  595.0000    -31.3134
  596.0000    -31.3135
  597.0000    -31.3136
  598.0000    -31.3137
  599.0000    -31.3138
  600.0000    -31.3139
  601.0000    -31.3140
  602.0000    -31.3143
  603.0000    -31.3146
  604.0000    -31.3149
  605.0000    -31.3152
  606.0000    -31.3155
  607.0000    -31.3158
  608.0000    -31.3161
  609.0000    -31.3164
  610.0000    -31.3167
  611.0000    -31.3170
  612.0000    -31.3170
  613.0000    -31.3170
  614.0000    -31.3170
  615.0000    -31.3170
  616.0000    -31.3170
  617.0000    -31.3170
  618.0000    -31.3170
  619.0000    -31.3170
  620.0000    -31.3170
  621.0000    -31.3170
  622.0000    -31.3171
  623.0000    -31.3172
  624.0000    -31.3173
  625.0000    -31.3174
  626.0000    -31.3175
  627.0000    -31.3176
  628.0000    -31.3177
  629.0000    -31.3178
  630.0000    -31.3179
  631.0000    -31.3180
  632.0000    -31.3187
  633.0000    -31.3195
  634.0000    -31.3203
  635.0000    -31.3211
  636.0000    -31.3219
  637.0000    -31.3227
  638.0000    -31.3235
  639.0000    -31.3243
  640.0000    -31.3251
  641.0000    -31.3259
  642.0000    -31.3263
  643.0000    -31.3266
  644.0000    -31.3269
  645.0000    -31.3272
  646.0000    -31.3275
  647.0000    -31.3278
  648.0000    -31.3281
  649.0000    -31.3284
  650.0000    -31.3287
  651.0000    -31.3290
  652.0000    -31.3296
  653.0000    -31.3303
  654.0000    -31.3310
  655.0000    -31.3317
  656.0000    -31.3324
  657.0000    -31.3331
  658.0000    -31.3338
  659.0000    -31.3345
  660.0000    -31.3352
  661.0000    -31.3359
  662.0000    -31.3363
  663.0000    -31.3366
  664.0000    -31.3369
  665.0000    -31.3372
  666.0000    -31.3375
  667.0000    -31.3378
  668.0000    -31.3381
  669.0000    -31.3384
  670.0000    -31.3387
  671.0000    -31.3390
  672.0000    -31.3395
  673.0000    -31.3401
  674.0000    -31.3407
  675.0000    -31.3413
  676.0000    -31.3419
  677.0000    -31.3425
  678.0000    -31.3431
  679.0000    -31.3437
  680.0000    -31.3443
  681.0000    -31.3449
  682.0000    -31.3456
  683.0000    -31.3463
  684.0000    -31.3470
  685.0000    -31.3477
  686.0000    -31.3484
  687.0000    -31.3491
  688.0000    -31.3498
  689.0000    -31.3505
  690.0000    -31.3512
  691.0000    -31.3519
  692.0000    -31.3524
  693.0000    -31.3528
  694.0000    -31.3532
  695.0000    -31.3536
  696.0000    -31.3540
  697.0000    -31.3544
  698.0000    -31.3548
  699.0000    -31.3552
  700.0000    -31.3556
  701.0000    -31.3560
  702.0000    -31.3569
  703.0000    -31.3579
  704.0000    -31.3589
  705.0000    -31.3599
  706.0000    -31.3609
  707.0000    -31.3619
  708.0000    -31.3629
  709.0000    -31.3639
  710.0000    -31.3649
  711.0000    -31.3659
  712.0000    -31.3665
  713.0000    -31.3671
  714.0000    -31.3677
  715.0000    -31.3683
  716.0000    -31.3689
  717.0000    -31.3695
  718.0000    -31.3701
  719.0000    -31.3707
  720.0000    -31.3713
  721.0000    -31.3719
  722.0000    -31.3729
  723.0000    -31.3739
  724.0000    -31.3749
  725.0000    -31.3759
  726.0000    -31.3769
  727.0000    -31.3779
  728.0000    -31.3789
  729.0000    -31.3799
  730.0000    -31.3809
  731.0000    -31.3819
  732.0000    -31.3824
  733.0000    -31.3830
  734.0000    -31.3835
  735.0000    -31.3840
  736.0000    -31.3844
  737.0000    -31.3850
  738.0000    -31.3854
  739.0000    -31.3860
  740.0000    -31.3865
  741.0000    -31.3870
  742.0000    -31.3880
  743.0000    -31.3891
  744.0000    -31.3902
  745.0000    -31.3913
  746.0000    -31.3924
  747.0000    -31.3935
  748.0000    -31.3946
  749.0000    -31.3957
  750.0000    -31.3968
  751.0000    -31.3979
  752.0000    -31.3986
  753.0000    -31.3993
  754.0000    -31.4000
  755.0000    -31.4007
  756.0000    -31.4014
  757.0000    -31.4021
  758.0000    -31.4028
  759.0000    -31.4035
  760.0000    -31.4042
  761.0000    -31.4049
  762.0000    -31.4058
  763.0000    -31.4067
  764.0000    -31.4076
  765.0000    -31.4085
  766.0000    -31.4094
  767.0000    -31.4103
  768.0000    -31.4112
  769.0000    -31.4121
  770.0000    -31.4130
  771.0000    -31.4139
  772.0000    -31.4154
  773.0000    -31.4169
  774.0000    -31.4183
  775.0000    -31.4199
  776.0000    -31.4213
  777.0000    -31.4228
  778.0000    -31.4244
  779.0000    -31.4258
  780.0000    -31.4274
  781.0000    -31.4288
  782.0000    -31.4295
  783.0000    -31.4301
  784.0000    -31.4307
  785.0000    -31.4313
  786.0000    -31.4319
  787.0000    -31.4325
  788.0000    -31.4331
  789.0000    -31.4337
  790.0000    -31.4343
  791.0000    -31.4349
  792.0000    -31.4362
  793.0000    -31.4375
  794.0000    -31.4388
  795.0000    -31.4401
  796.0000    -31.4414
  797.0000    -31.4427
  798.0000    -31.4440
  799.0000    -31.4453
  800.0000    -31.4466
  801.0000    -31.4479
  802.0000    -31.4492
  803.0000    -31.4505
  804.0000    -31.4518
  805.0000    -31.4531
  806.0000    -31.4544
  807.0000    -31.4557
  808.0000    -31.4570
  809.0000    -31.4583
  810.0000    -31.4596
  811.0000    -31.4609
  812.0000    -31.4619
  813.0000    -31.4629
  814.0000    -31.4639
  815.0000    -31.4649
  816.0000    -31.4659
  817.0000    -31.4669
  818.0000    -31.4679
  819.0000    -31.4689
  820.0000    -31.4699
  821.0000    -31.4709
  822.0000    -31.4720
  823.0000    -31.4731
  824.0000    -31.4742
  825.0000    -31.4753
  826.0000    -31.4764
  827.0000    -31.4775
  828.0000    -31.4786
  829.0000    -31.4797
  830.0000    -31.4808
  831.0000    -31.4819
  832.0000    -31.4834
  833.0000    -31.4850
  834.0000    -31.4866
  835.0000    -31.4882
  836.0000    -31.4898
  837.0000    -31.4914
  838.0000    -31.4930
  839.0000    -31.4946
  840.0000    -31.4962
  841.0000    -31.4978
  842.0000    -31.4992
  843.0000    -31.5005
  844.0000    -31.5018
  845.0000    -31.5031
  846.0000    -31.5044
  847.0000    -31.5057
  848.0000    -31.5070
  849.0000    -31.5083
  850.0000    -31.5096
  851.0000    -31.5109
  852.0000    -31.5122
  853.0000    -31.5135
  854.0000    -31.5148
  855.0000    -31.5161
  856.0000    -31.5174
  857.0000    -31.5187
  858.0000    -31.5200
  859.0000    -31.5213
  860.0000    -31.5226
  861.0000    -31.5239
  862.0000    -31.5254
  863.0000    -31.5269
  864.0000    -31.5284
  865.0000    -31.5299
  866.0000    -31.5314
  867.0000    -31.5329
  868.0000    -31.5344
  869.0000    -31.5359
  870.0000    -31.5374
  871.0000    -31.5389
  872.0000    -31.5402
  873.0000    -31.5415
  874.0000    -31.5428
  875.0000    -31.5441
  876.0000    -31.5454
  877.0000    -31.5467
  878.0000    -31.5480
  879.0000    -31.5493
  880.0000    -31.5506
  881.0000    -31.5519
  882.0000    -31.5532
  883.0000    -31.5545
  884.0000    -31.5558
  885.0000    -31.5571
  886.0000    -31.5584
  887.0000    -31.5597
  888.0000    -31.5610
  889.0000    -31.5623
  890.0000    -31.5636
  891.0000    -31.5649
  892.0000    -31.5667
  893.0000    -31.5686
  894.0000    -31.5705
  895.0000    -31.5724
  896.0000    -31.5743
  897.0000    -31.5762
  898.0000    -31.5781
  899.0000    -31.5800
  900.0000    -31.5819
  901.0000    -31.5838
  902.0000    -31.5853
  903.0000    -31.5867
  904.0000    -31.5881
  905.0000    -31.5895
  906.0000    -31.5909
  907.0000    -31.5923
  908.0000    -31.5937
  909.0000    -31.5951
  910.0000    -31.5965
  911.0000    -31.5979
  912.0000    -31.5994
  913.0000    -31.6010
  914.0000    -31.6026
  915.0000    -31.6042
  916.0000    -31.6058
  917.0000    -31.6074
  918.0000    -31.6090
  919.0000    -31.6106
  920.0000    -31.6122
  921.0000    -31.6138
  922.0000    -31.6155
  923.0000    -31.6172
  924.0000    -31.6189
  925.0000    -31.6206
  926.0000    -31.6223
  927.0000    -31.6240
  928.0000    -31.6257
  929.0000    -31.6274
  930.0000    -31.6291
  931.0000    -31.6308
  932.0000    -31.6324
  933.0000    -31.6340
  934.0000    -31.6356
  935.0000    -31.6372
  936.0000    -31.6388
  937.0000    -31.6404
  938.0000    -31.6420
  939.0000    -31.6436
  940.0000    -31.6452
  941.0000    -31.6468
  942.0000    -31.6483
  943.0000    -31.6499
  944.0000    -31.6514
  945.0000    -31.6529
  946.0000    -31.6543
  947.0000    -31.6559
  948.0000    -31.6574
  949.0000    -31.6589
  950.0000    -31.6603
  951.0000    -31.6618
  952.0000    -31.6637
  953.0000    -31.6656
  954.0000    -31.6675
  955.0000    -31.6694
  956.0000    -31.6713
  957.0000    -31.6732
  958.0000    -31.6751
  959.0000    -31.6770
  960.0000    -31.6789
  961.0000    -31.6808
  962.0000    -31.6829
  963.0000    -31.6850
  964.0000    -31.6871
  965.0000    -31.6892
  966.0000    -31.6913
  967.0000    -31.6934
  968.0000    -31.6955
  969.0000    -31.6976
  970.0000    -31.6997
  971.0000    -31.7018
  972.0000    -31.7034
  973.0000    -31.7049
  974.0000    -31.7064
  975.0000    -31.7079
  976.0000    -31.7094
  977.0000    -31.7109
  978.0000    -31.7124
  979.0000    -31.7139
  980.0000    -31.7154
  981.0000    -31.7168
  982.0000    -31.7188
  983.0000    -31.7208
  984.0000    -31.7228
  985.0000    -31.7248
  986.0000    -31.7268
  987.0000    -31.7288
  988.0000    -31.7308
  989.0000    -31.7328
  990.0000    -31.7348
  991.0000    -31.7368
  992.0000    -31.7384
  993.0000    -31.7400
  994.0000    -31.7416
  995.0000    -31.7432
  996.0000    -31.7448
  997.0000    -31.7464
  998.0000    -31.7480
  999.0000    -31.7496
 1000.0000    -31.7512
 1001.0000    -31.7528
 1002.0000    -31.7548
 1003.0000    -31.7568
 1004.0000    -31.7588
 1005.0000    -31.7608
 1006.0000    -31.7628
 1007.0000    -31.7648
 1008.0000    -31.7668
 1009.0000    -31.7688
 1010.0000    -31.7708
 1011.0000    -31.7728
 1012.0000    -31.7745
 1013.0000    -31.7762
 1014.0000    -31.7779
 1015.0000    -31.7796
 1016.0000    -31.7813
 1017.0000    -31.7830
 1018.0000    -31.7847
 1019.0000    -31.7864
 1020.0000    -31.7881
 1021.0000    -31.7898
 1022.0000    -31.7916
 1023.0000    -31.7934
 1024.0000    -31.7952
 1025.0000    -31.7970
 1026.0000    -31.7988
 1027.0000    -31.8006
 1028.0000    -31.8024
 1029.0000    -31.8042
 1030.0000    -31.8060
 1031.0000    -31.8078
 1032.0000    -31.8099
 1033.0000    -31.8120
 1034.0000    -31.8141
 1035.0000    -31.8162
 1036.0000    -31.8183
 1037.0000    -31.8204
 1038.0000    -31.8225
 1039.0000    -31.8246
 1040.0000    -31.8267
 1041.0000    -31.8288
 1042.0000    -31.8306
 1043.0000    -31.8324
 1044.0000    -31.8342
 1045.0000    -31.8360
 1046.0000    -31.8378
 1047.0000    -31.8396
 1048.0000    -31.8414
 1049.0000    -31.8432
 1050.0000    -31.8450
 1051.0000    -31.8468
 1052.0000    -31.8485
 1053.0000    -31.8502
 1054.0000    -31.8519
 1055.0000    -31.8536
 1056.0000    -31.8553
 1057.0000    -31.8570
 1058.0000    -31.8587
 1059.0000    -31.8604
 1060.0000    -31.8621
 1061.0000    -31.8638
 1062.0000    -31.8657
 1063.0000    -31.8676
 1064.0000    -31.8695
 1065.0000    -31.8714
 1066.0000    -31.8733
 1067.0000    -31.8752
 1068.0000    -31.8771
 1069.0000    -31.8790
 1070.0000    -31.8809
 1071.0000    -31.8828
 1072.0000    -31.8847
 1073.0000    -31.8866
 1074.0000    -31.8885
 1075.0000    -31.8904
 1076.0000    -31.8923
 1077.0000    -31.8942
 1078.0000    -31.8961
 1079.0000    -31.8980
 1080.0000    -31.8999
 1081.0000    -31.9018
 1082.0000    -31.9038
 1083.0000    -31.9058
 1084.0000    -31.9078
 1085.0000    -31.9098
 1086.0000    -31.9118
 1087.0000    -31.9138
 1088.0000    -31.9158
 1089.0000    -31.9178
 1090.0000    -31.9198
 1091.0000    -31.9218
 1092.0000    -31.9235
 1093.0000    -31.9252
 1094.0000    -31.9269
 1095.0000    -31.9286
 1096.0000    -31.9303
 1097.0000    -31.9320
 1098.0000    -31.9337
 1099.0000    -31.9354
 1100.0000    -31.9371
 1101.0000    -31.9388
 1102.0000    -31.9407
 1103.0000    -31.9426
 1104.0000    -31.9445
 1105.0000    -31.9464
 1106.0000    -31.9483
 1107.0000    -31.9502
 1108.0000    -31.9521
 1109.0000    -31.9540
 1110.0000    -31.9559
 1111.0000    -31.9578
 1112.0000    -31.9596
 1113.0000    -31.9614
 1114.0000    -31.9632
 1115.0000    -31.9650
 1116.0000    -31.9668
 1117.0000    -31.9686
 1118.0000    -31.9704
 1119.0000    -31.9722
 1120.0000    -31.9740
 1121.0000    -31.9758
 1122.0000    -31.9776
 1123.0000    -31.9794
 1124.0000    -31.9812
 1125.0000    -31.9830
 1126.0000    -31.9848
 1127.0000    -31.9866
 1128.0000    -31.9884
 1129.0000    -31.9902
 1130.0000    -31.9920
 1131.0000    -31.9938
 1132.0000    -31.9956
 1133.0000    -31.9974
 1134.0000    -31.9992
 1135.0000    -32.0010
 1136.0000    -32.0028
 1137.0000    -32.0046
 1138.0000    -32.0064
 1139.0000    -32.0082
 1140.0000    -32.0100
 1141.0000    -32.0118
 1142.0000    -32.0135
 1143.0000    -32.0152
 1144.0000    -32.0169
 1145.0000    -32.0186
 1146.0000    -32.0203
 1147.0000    -32.0220
 1148.0000    -32.0237
 1149.0000    -32.0254
 1150.0000    -32.0271
 1151.0000    -32.0288
 1152.0000    -32.0307
 1153.0000    -32.0326
 1154.0000    -32.0345
 1155.0000    -32.0364
 1156.0000    -32.0383
 1157.0000    -32.0402
 1158.0000    -32.0421
 1159.0000    -32.0440
 1160.0000    -32.0459
 1161.0000    -32.0478
 1162.0000    -32.0494
 1163.0000    -32.0510
 1164.0000    -32.0526
 1165.0000    -32.0542
 1166.0000    -32.0558
 1167.0000    -32.0574
 1168.0000    -32.0590
 1169.0000    -32.0606
 1170.0000    -32.0622
 1171.0000    -32.0638
 1172.0000    -32.0657
 1173.0000    -32.0676
 1174.0000    -32.0695
 1175.0000    -32.0714
 1176.0000    -32.0733
 1177.0000    -32.0752
 1178.0000    -32.0771
 1179.0000    -32.0790
 1180.0000    -32.0809
 1181.0000    -32.0828
 1182.0000    -32.0845
 1183.0000    -32.0862
 1184.0000    -32.0879
 1185.0000    -32.0896
 1186.0000    -32.0913
 1187.0000    -32.0930
 1188.0000    -32.0947
 1189.0000    -32.0964
 1190.0000    -32.0981
 1191.0000    -32.0998
 1192.0000    -32.1014
 1193.0000    -32.1029
 1194.0000    -32.1044
 1195.0000    -32.1059
 1196.0000    -32.1073
 1197.0000    -32.1089
 1198.0000    -32.1103
 1199.0000    -32.1119
 1200.0000    -32.1133
 1201.0000    -32.1149
 1202.0000    -32.1166
 1203.0000    -32.1184
 1204.0000    -32.1202
 1205.0000    -32.1220
 1206.0000    -32.1238
 1207.0000    -32.1256
 1208.0000    -32.1274
 1209.0000    -32.1292
 1210.0000    -32.1310
 1211.0000    -32.1328
 1212.0000    -32.1343
 1213.0000    -32.1357
 1214.0000    -32.1371
 1215.0000    -32.1385
 1216.0000    -32.1399
 1217.0000    -32.1413
 1218.0000    -32.1427
 1219.0000    -32.1441
 1220.0000    -32.1455
 1221.0000    -32.1469
 1222.0000    -32.1484
 1223.0000    -32.1500
 1224.0000    -32.1516
 1225.0000    -32.1532
 1226.0000    -32.1548
 1227.0000    -32.1564
 1228.0000    -32.1580
 1229.0000    -32.1596
 1230.0000    -32.1612
 1231.0000    -32.1628
 1232.0000    -32.1644
 1233.0000    -32.1660
 1234.0000    -32.1676
 1235.0000    -32.1692
 1236.0000    -32.1708
 1237.0000    -32.1724
 1238.0000    -32.1740
 1239.0000    -32.1756
 1240.0000    -32.1772
 1241.0000    -32.1788
 1242.0000    -32.1803
 1243.0000    -32.1817
 1244.0000    -32.1831
 1245.0000    -32.1845
 1246.0000    -32.1859
 1247.0000    -32.1873
 1248.0000    -32.1887
 1249.0000    -32.1901
 1250.0000    -32.1915
 1251.0000    -32.1929
 1252.0000    -32.1943
 1253.0000    -32.1957
 1254.0000    -32.1971
 1255.0000    -32.1985
 1256.0000    -32.1999
 1257.0000    -32.2013
 1258.0000    -32.2027
 1259.0000    -32.2041
 1260.0000    -32.2055
 1261.0000    -32.2069
 1262.0000    -32.2084
 1263.0000    -32.2099
 1264.0000    -32.2113
 1265.0000    -32.2129
 1266.0000    -32.2144
 1267.0000    -32.2159
 1268.0000    -32.2174
 1269.0000    -32.2189
 1270.0000    -32.2204
 1271.0000    -32.2219
 1272.0000    -32.2231
 1273.0000    -32.2243
 1274.0000    -32.2255
 1275.0000    -32.2267
 1276.0000    -32.2279
 1277.0000    -32.2291
 1278.0000    -32.2303
 1279.0000    -32.2315
 1280.0000    -32.2327
 1281.0000    -32.2339
 1282.0000    -32.2352
 1283.0000    -32.2365
 1284.0000    -32.2378
 1285.0000    -32.2391
 1286.0000    -32.2404
 1287.0000    -32.2417
 1288.0000    -32.2430
 1289.0000    -32.2443
 1290.0000    -32.2456
 1291.0000    -32.2469
 1292.0000    -32.2480
 1293.0000    -32.2491
 1294.0000    -32.2502
 1295.0000    -32.2513
 1296.0000    -32.2524
 1297.0000    -32.2535
 1298.0000    -32.2546
 1299.0000    -32.2557
 1300.0000    -32.2568
 1301.0000    -32.2579
 1302.0000    -32.2592
 1303.0000    -32.2605
 1304.0000    -32.2618
 1305.0000    -32.2631
 1306.0000    -32.2644
 1307.0000    -32.2657
 1308.0000    -32.2670
 1309.0000    -32.2683
 1310.0000    -32.2696
 1311.0000    -32.2709
 1312.0000    -32.2721
 1313.0000    -32.2733
 1314.0000    -32.2745
 1315.0000    -32.2757
 1316.0000    -32.2769
 1317.0000    -32.2781
 1318.0000    -32.2793
 1319.0000    -32.2805
 1320.0000    -32.2817
 1321.0000    -32.2829
 1322.0000    -32.2837
 1323.0000    -32.2845
 1324.0000    -32.2853
 1325.0000    -32.2861
 1326.0000    -32.2869
 1327.0000    -32.2877
 1328.0000    -32.2885
 1329.0000    -32.2893
 1330.0000    -32.2901
 1331.0000    -32.2909
 1332.0000    -32.2919
 1333.0000    -32.2929
 1334.0000    -32.2939
 1335.0000    -32.2949
 1336.0000    -32.2959
 1337.0000    -32.2969
 1338.0000    -32.2979
 1339.0000    -32.2989
 1340.0000    -32.2999
 1341.0000    -32.3009
 1342.0000    -32.3018
 1343.0000    -32.3027
 1344.0000    -32.3036
 1345.0000    -32.3045
 1346.0000    -32.3054
 1347.0000    -32.3063
 1348.0000    -32.3072
 1349.0000    -32.3081
 1350.0000    -32.3090
 1351.0000    -32.3099
 1352.0000    -32.3108
 1353.0000    -32.3117
 1354.0000    -32.3126
 1355.0000    -32.3135
 1356.0000    -32.3144
 1357.0000    -32.3153
 1358.0000    -32.3162
 1359.0000    -32.3171
 1360.0000    -32.3180
 1361.0000    -32.3189
 1362.0000    -32.3195
 1363.0000    -32.3201
 1364.0000    -32.3207
 1365.0000    -32.3213
 1366.0000    -32.3219
 1367.0000    -32.3225
 1368.0000    -32.3231
 1369.0000    -32.3237
 1370.0000    -32.3243
 1371.0000    -32.3249
 1372.0000    -32.3255
 1373.0000    -32.3260
 1374.0000    -32.3265
 1375.0000    -32.3269
 1376.0000    -32.3274
 1377.0000    -32.3280
 1378.0000    -32.3285
 1379.0000    -32.3289
 1380.0000    -32.3295
 1381.0000    -32.3299
 1382.0000    -32.3306
 1383.0000    -32.3313
 1384.0000    -32.3320
 1385.0000    -32.3327
 1386.0000    -32.3334
 1387.0000    -32.3341
 1388.0000    -32.3348
 1389.0000    -32.3355
 1390.0000    -32.3362
 1391.0000    -32.3369
 1392.0000    -32.3373
 1393.0000    -32.3376
 1394.0000    -32.3379
 1395.0000    -32.3382
 1396.0000    -32.3385
 1397.0000    -32.3388
 1398.0000    -32.3391
 1399.0000    -32.3394
 1400.0000    -32.3397
 1401.0000    -32.3400
 1402.0000    -32.3406
 1403.0000    -32.3413
 1404.0000    -32.3420
 1405.0000    -32.3427
 1406.0000    -32.3434
 1407.0000    -32.3441
 1408.0000    -32.3448
 1409.0000    -32.3455
 1410.0000    -32.3462
 1411.0000    -32.3469
 1412.0000    -32.3473
 1413.0000    -32.3476
 1414.0000    -32.3479
 1415.0000    -32.3482
 1416.0000    -32.3485
 1417.0000    -32.3488
 1418.0000    -32.3491
 1419.0000    -32.3494
 1420.0000    -32.3497
 1421.0000    -32.3500
 1422.0000    -32.3500
 1423.0000    -32.3500
 1424.0000    -32.3500
 1425.0000    -32.3500
 1426.0000    -32.3500
 1427.0000    -32.3500
 1428.0000    -32.3500
 1429.0000    -32.3500
 1430.0000    -32.3500
 1431.0000    -32.3500
 1432.0000    -32.3500
 1433.0000    -32.3500
 1434.0000    -32.3500
 1435.0000    -32.3500
 1436.0000    -32.3500
 1437.0000    -32.3500
 1438.0000    -32.3500
 1439.0000    -32.3500
 1440.0000    -32.3500
 1441.0000    -32.3500
 1442.0000    -32.3500
 1443.0000    -32.3500
 1444.0000    -32.3500
 1445.0000    -32.3500
 1446.0000    -32.3500
 1447.0000    -32.3500
 1448.0000    -32.3500
 1449.0000    -32.3500
 1450.0000    -32.3500
 1451.0000    -32.3500
 1452.0000    -32.3497
 1453.0000    -32.3494
 1454.0000    -32.3491
 1455.0000    -32.3488
 1456.0000    -32.3485
 1457.0000    -32.3482
 1458.0000    -32.3479
 1459.0000    -32.3476
 1460.0000    -32.3473
 1461.0000    -32.3470
 1462.0000    -32.3466
 1463.0000    -32.3460
 1464.0000    -32.3456
 1465.0000    -32.3451
 1466.0000    -32.3445
 1467.0000    -32.3441
 1468.0000    -32.3436
 1469.0000    -32.3430
 1470.0000    -32.3425
 1471.0000    -32.3421
 1472.0000    -32.3418
 1473.0000    -32.3416
 1474.0000    -32.3414
 1475.0000    -32.3412
 1476.0000    -32.3410
 1477.0000    -32.3408
 1478.0000    -32.3406
 1479.0000    -32.3404
 1480.0000    -32.3402
 1481.0000    -32.3400
 1482.0000    -32.3393
 1483.0000    -32.3385
 1484.0000    -32.3377
 1485.0000    -32.3369
 1486.0000    -32.3361
 1487.0000    -32.3353
 1488.0000    -32.3345
 1489.0000    -32.3337
 1490.0000    -32.3329
 1491.0000    -32.3321
 1492.0000    -32.3316
 1493.0000    -32.3311
 1494.0000    -32.3305
 1495.0000    -32.3301
 1496.0000    -32.3295
 1497.0000    -32.3290
 1498.0000    -32.3286
 1499.0000    -32.3280
 1500.0000    -32.3276
 1501.0000    -32.3270
 1502.0000    -32.3264
 1503.0000    -32.3257
 1504.0000    -32.3250
 1505.0000    -32.3243
 1506.0000    -32.3236
 1507.0000    -32.3229
 1508.0000    -32.3222
 1509.0000    -32.3215
 1510.0000    -32.3208
 1511.0000    -32.3201
 1512.0000    -32.3191
 1513.0000    -32.3181
 1514.0000    -32.3171
 1515.0000    -32.3161
 1516.0000    -32.3151
 1517.0000    -32.3141
 1518.0000    -32.3131
 1519.0000    -32.3121
 1520.0000    -32.3111
 1521.0000    -32.3101
 1522.0000    -32.3089
 1523.0000    -32.3077
 1524.0000    -32.3065
 1525.0000    -32.3053
 1526.0000    -32.3041
 1527.0000    -32.3029
 1528.0000    -32.3017
 1529.0000    -32.3005
 1530.0000    -32.2993
 1531.0000    -32.2981
 1532.0000    -32.2969
 1533.0000    -32.2957
 1534.0000    -32.2945
 1535.0000    -32.2933
 1536.0000    -32.2921
 1537.0000    -32.2909
 1538.0000    -32.2897
 1539.0000    -32.2885
 1540.0000    -32.2873
 1541.0000    -32.2861
 1542.0000    -32.2852
 1543.0000    -32.2843
 1544.0000    -32.2834
 1545.0000    -32.2825
 1546.0000    -32.2816
 1547.0000    -32.2807
 1548.0000    -32.2798
 1549.0000    -32.2789
 1550.0000    -32.2780
 1551.0000    -32.2771
 1552.0000    -32.2757
 1553.0000    -32.2743
 1554.0000    -32.2729
 1555.0000    -32.2715
 1556.0000    -32.2701
 1557.0000    -32.2687
 1558.0000    -32.2673
 1559.0000    -32.2659
 1560.0000    -32.2645
 1561.0000    -32.2631
 1562.0000    -32.2615
 1563.0000    -32.2598
 1564.0000    -32.2581
 1565.0000    -32.2564
 1566.0000    -32.2547
 1567.0000    -32.2530
 1568.0000    -32.2513
 1569.0000    -32.2496
 1570.0000    -32.2479
 1571.0000    -32.2462
 1572.0000    -32.2446
 1573.0000    -32.2430
 1574.0000    -32.2414
 1575.0000    -32.2398
 1576.0000    -32.2382
 1577.0000    -32.2366
 1578.0000    -32.2350
 1579.0000    -32.2334
 1580.0000    -32.2318
 1581.0000    -32.2302
 1582.0000    -32.2283
 1583.0000    -32.2264
 1584.0000    -32.2245
 1585.0000    -32.2226
 1586.0000    -32.2207
 1587.0000    -32.2188
 1588.0000    -32.2169
 1589.0000    -32.2150
 1590.0000    -32.2131
 1591.0000    -32.2112
 1592.0000    -32.2091
 1593.0000    -32.2070
 1594.0000    -32.2049
 1595.0000    -32.2028
 1596.0000    -32.2007
 1597.0000    -32.1986
 1598.0000    -32.1965
 1599.0000    -32.1944
 1600.0000    -32.1923
 1601.0000    -32.1902
 1602.0000    -32.1883
 1603.0000    -32.1864
 1604.0000    -32.1845
 1605.0000    -32.1826
 1606.0000    -32.1807
 1607.0000    -32.1788
 1608.0000    -32.1769
 1609.0000    -32.1750
 1610.0000    -32.1731
 1611.0000    -32.1712
 1612.0000    -32.1688
 1613.0000    -32.1662
 1614.0000    -32.1637
 1615.0000    -32.1612
 1616.0000    -32.1587
 1617.0000    -32.1563
 1618.0000    -32.1538
 1619.0000    -32.1513
 1620.0000    -32.1488
 1621.0000    -32.1463
 1622.0000    -32.1438
 1623.0000    -32.1414
 1624.0000    -32.1390
 1625.0000    -32.1366
 1626.0000    -32.1342
 1627.0000    -32.1318
 1628.0000    -32.1294
 1629.0000    -32.1270
 1630.0000    -32.1246
 1631.0000    -32.1222
 1632.0000    -32.1197
 1633.0000    -32.1171
 1634.0000    -32.1145
 1635.0000    -32.1119
 1636.0000    -32.1093
 1637.0000    -32.1067
 1638.0000    -32.1041
 1639.0000    -32.1015
 1640.0000    -32.0989
 1641.0000    -32.0963
 1642.0000    -32.0934
 1643.0000    -32.0905
 1644.0000    -32.0876
 1645.0000    -32.0847
 1646.0000    -32.0818
 1647.0000    -32.0789
 1648.0000    -32.0760
 1649.0000    -32.0731
 1650.0000    -32.0702
 1651.0000    -32.0673
 1652.0000    -32.0643
 1653.0000    -32.0613
 1654.0000    -32.0583
 1655.0000    -32.0553
 1656.0000    -32.0523
 1657.0000    -32.0493
 1658.0000    -32.0463
 1659.0000    -32.0433
 1660.0000    -32.0403
 1661.0000    -32.0373
 1662.0000    -32.0342
 1663.0000    -32.0311
 1664.0000    -32.0280
 1665.0000    -32.0249
 1666.0000    -32.0218
 1667.0000    -32.0187
 1668.0000    -32.0156
 1669.0000    -32.0125
 1670.0000    -32.0094
 1671.0000    -32.0063
 1672.0000    -32.0032
 1673.0000    -32.0001
 1674.0000    -31.9970
 1675.0000    -31.9939
 1676.0000    -31.9908
 1677.0000    -31.9877
 1678.0000    -31.9846
 1679.0000    -31.9815
 1680.0000    -31.9784
 1681.0000    -31.9753
 1682.0000    -31.9718
 1683.0000    -31.9682
 1684.0000    -31.9646
 1685.0000    -31.9610
 1686.0000    -31.9574
 1687.0000    -31.9538
 1688.0000    -31.9502
 1689.0000    -31.9466
 1690.0000    -31.9430
 1691.0000    -31.9394
 1692.0000    -31.9359
 1693.0000    -31.9325
 1694.0000    -31.9291
 1695.0000    -31.9257
 1696.0000    -31.9223
 1697.0000    -31.9189
 1698.0000    -31.9155
 1699.0000    -31.9121
 1700.0000    -31.9087
 1701.0000    -31.9053
 1702.0000    -31.9014
 1703.0000    -31.8974
 1704.0000    -31.8934
 1705.0000    -31.8894
 1706.0000    -31.8854
 1707.0000    -31.8814
 1708.0000    -31.8774
 1709.0000    -31.8734
 1710.0000    -31.8694
 1711.0000    -31.8654
 1712.0000    -31.8613
 1713.0000    -31.8572
 1714.0000    -31.8531
 1715.0000    -31.8490
 1716.0000    -31.8449
 1717.0000    -31.8408
 1718.0000    -31.8367
 1719.0000    -31.8326
 1720.0000    -31.8285
 1721.0000    -31.8244
 1722.0000    -31.8202
 1723.0000    -31.8160
 1724.0000    -31.8118
 1725.0000    -31.8076
 1726.0000    -31.8034
 1727.0000    -31.7992
 1728.0000    -31.7950
 1729.0000    -31.7908
 1730.0000    -31.7866
 1731.0000    -31.7824
 1732.0000    -31.7780
 1733.0000    -31.7735
 1734.0000    -31.7689
 1735.0000    -31.7645
 1736.0000    -31.7600
 1737.0000    -31.7555
 1738.0000    -31.7509
 1739.0000    -31.7464
 1740.0000    -31.7419
 1741.0000    -31.7374
 1742.0000    -31.7331
 1743.0000    -31.7288
 1744.0000    -31.7245
 1745.0000    -31.7202
 1746.0000    -31.7159
 1747.0000    -31.7116
 1748.0000    -31.7073
 1749.0000    -31.7030
 1750.0000    -31.6987
 1751.0000    -31.6944
 1752.0000    -31.6894
 1753.0000    -31.6843
 1754.0000    -31.6792
 1755.0000    -31.6741
 1756.0000    -31.6690
 1757.0000    -31.6639
 1758.0000    -31.6588
 1759.0000    -31.6537
 1760.0000    -31.6486
 1761.0000    -31.6435
 1762.0000    -31.6382
 1763.0000    -31.6329
 1764.0000    -31.6276
 1765.0000    -31.6223
 1766.0000    -31.6170
 1767.0000    -31.6117
 1768.0000    -31.6064
 1769.0000    -31.6011
 1770.0000    -31.5958
 1771.0000    -31.5905
 1772.0000    -31.5853
 1773.0000    -31.5801
 1774.0000    -31.5749
 1775.0000    -31.5697
 1776.0000    -31.5645
 1777.0000    -31.5593
 1778.0000    -31.5541
 1779.0000    -31.5489
 1780.0000    -31.5437
 1781.0000    -31.5385
 1782.0000    -31.5328
 1783.0000    -31.5270
 1784.0000    -31.5212
 1785.0000    -31.5154
 1786.0000    -31.5096
 1787.0000    -31.5038
 1788.0000    -31.4980
 1789.0000    -31.4922
 1790.0000    -31.4864
 1791.0000    -31.4806
 1792.0000    -31.4751
 1793.0000    -31.4696
 1794.0000    -31.4640
 1795.0000    -31.4585
 1796.0000    -31.4530
 1797.0000    -31.4476
 1798.0000    -31.4421
 1799.0000    -31.4366
 1800.0000    -31.4310
 1801.0000    -31.4256
 1802.0000    -31.4194
 1803.0000    -31.4132
 1804.0000    -31.4070
 1805.0000    -31.4008
 1806.0000    -31.3946
 1807.0000    -31.3884
 1808.0000    -31.3822
 1809.0000    -31.3760
 1810.0000    -31.3698
 1811.0000    -31.3636
 1812.0000    -31.3577
 1813.0000    -31.3518
 1814.0000    -31.3459
 1815.0000    -31.3400
 1816.0000    -31.3341
 1817.0000    -31.3282
 1818.0000    -31.3223
 1819.0000    -31.3164
 1820.0000    -31.3105
 1821.0000    -31.3046
 1822.0000    -31.2988
 1823.0000    -31.2930
 1824.0000    -31.2872
 1825.0000    -31.2814
 1826.0000    -31.2756
 1827.0000    -31.2698
 1828.0000    -31.2640
 1829.0000    -31.2582
 1830.0000    -31.2524
 1831.0000    -31.2466
 1832.0000    -31.2398
 1833.0000    -31.2329
 1834.0000    -31.2260
 1835.0000    -31.2191
 1836.0000    -31.2122
 1837.0000    -31.2053
 1838.0000    -31.1984
 1839.0000    -31.1915
 1840.0000    -31.1846
 1841.0000    -31.1777
 1842.0000    -31.1710
 1843.0000    -31.1643
 1844.0000    -31.1576
 1845.0000    -31.1509
 1846.0000    -31.1442
 1847.0000    -31.1375
 1848.0000    -31.1308
 1849.0000    -31.1241
 1850.0000    -31.1174
 1851.0000    -31.1107
 1852.0000    -31.1037
 1853.0000    -31.0967
 1854.0000    -31.0897
 1855.0000    -31.0827
 1856.0000    -31.0757
 1857.0000    -31.0687
 1858.0000    -31.0617
 1859.0000    -31.0547
 1860.0000    -31.0477
 1861.0000    -31.0407
 1862.0000    -31.0335
 1863.0000    -31.0263
 1864.0000    -31.0191
 1865.0000    -31.0119
 1866.0000    -31.0047
 1867.0000    -30.9975
 1868.0000    -30.9903
 1869.0000    -30.9831
 1870.0000    -30.9759
 1871.0000    -30.9687
 1872.0000    -30.9614
 1873.0000    -30.9541
 1874.0000    -30.9468
 1875.0000    -30.9395
 1876.0000    -30.9322
 1877.0000    -30.9249
 1878.0000    -30.9176
 1879.0000    -30.9103
 1880.0000    -30.9030
 1881.0000    -30.8957
 1882.0000    -30.8880
 1883.0000    -30.8802
 1884.0000    -30.8724
 1885.0000    -30.8646
 1886.0000    -30.8568
 1887.0000    -30.8490
 1888.0000    -30.8412
 1889.0000    -30.8334
 1890.0000    -30.8256
 1891.0000    -30.8178
 1892.0000    -30.8097
 1893.0000    -30.8016
 1894.0000    -30.7935
 1895.0000    -30.7854
 1896.0000    -30.7773
 1897.0000    -30.7692
 1898.0000    -30.7611
 1899.0000    -30.7530
 1900.0000    -30.7449
 1901.0000    -30.7368
 1902.0000    -30.7288
 1903.0000    -30.7208
 1904.0000    -30.7128
 1905.0000    -30.7048
 1906.0000    -30.6968
 1907.0000    -30.6888
 1908.0000    -30.6808
 1909.0000    -30.6728
 1910.0000    -30.6648
 1911.0000    -30.6568
 1912.0000    -30.6483
 1913.0000    -30.6397
 1914.0000    -30.6311
 1915.0000    -30.6225
 1916.0000    -30.6139
 1917.0000    -30.6053
 1918.0000    -30.5967
 1919.0000    -30.5881
 1920.0000    -30.5795
 1921.0000    -30.5709
 1922.0000    -30.5624
 1923.0000    -30.5540
 1924.0000    -30.5456
 1925.0000    -30.5372
 1926.0000    -30.5288
 1927.0000    -30.5204
 1928.0000    -30.5120
 1929.0000    -30.5036
 1930.0000    -30.4952
 1931.0000    -30.4868
 1932.0000    -30.4778
 1933.0000    -30.4687
 1934.0000    -30.4596
 1935.0000    -30.4505
 1936.0000    -30.4414
 1937.0000    -30.4323
 1938.0000    -30.4232
 1939.0000    -30.4141
 1940.0000    -30.4050
 1941.0000    -30.3959
 1942.0000    -30.3867
 1943.0000    -30.3775
 1944.0000    -30.3683
 1945.0000    -30.3591
 1946.0000    -30.3499
 1947.0000    -30.3407
 1948.0000    -30.3315
 1949.0000    -30.3223
 1950.0000    -30.3131
 1951.0000    -30.3039
 1952.0000    -30.2945
 1953.0000    -30.2851
 1954.0000    -30.2757
 1955.0000    -30.2663
 1956.0000    -30.2569
 1957.0000    -30.2475
 1958.0000    -30.2381
 1959.0000    -30.2287
 1960.0000    -30.2193
 1961.0000    -30.2099
 1962.0000    -30.2002
 1963.0000    -30.1904
 1964.0000    -30.1806
 1965.0000    -30.1708
 1966.0000    -30.1610
 1967.0000    -30.1512
 1968.0000    -30.1414
 1969.0000    -30.1316
 1970.0000    -30.1218
 1971.0000    -30.1120
 1972.0000    -30.1022
 1973.0000    -30.0924
 1974.0000    -30.0826
 1975.0000    -30.0728
 1976.0000    -30.0630
 1977.0000    -30.0532
 1978.0000    -30.0434
 1979.0000    -30.0336
 1980.0000    -30.0238
 1981.0000    -30.0140
 1982.0000    -30.0043
 1983.0000    -29.9946
 1984.0000    -29.9849
 1985.0000    -29.9752
 1986.0000    -29.9655
 1987.0000    -29.9558
 1988.0000    -29.9461
 1989.0000    -29.9364
 1990.0000    -29.9267
 1991.0000    -29.9170
 1992.0000    -29.9066
 1993.0000    -29.8962
 1994.0000    -29.8858
 1995.0000    -29.8754
 1996.0000    -29.8650
 1997.0000    -29.8546
 1998.0000    -29.8442
 1999.0000    -29.8338
 2000.0000    -29.8234
 2001.0000    -29.8130
 2002.0000    -29.8025
 2003.0000    -29.7919
 2004.0000    -29.7813
 2005.0000    -29.7707
 2006.0000    -29.7601
 2007.0000    -29.7495
 2008.0000    -29.7389
 2009.0000    -29.7283
 2010.0000    -29.7177
 2011.0000    -29.7071
 2012.0000    -29.6972
 2013.0000    -29.6874
 2014.0000    -29.6776
 2015.0000    -29.6678
 2016.0000    -29.6580
 2017.0000    -29.6482
 2018.0000    -29.6384
 2019.0000    -29.6286
 2020.0000    -29.6188
 2021.0000    -29.6090
 2022.0000    -29.5958
 2023.0000    -29.5822
 2024.0000    -29.5686
 2025.0000    -29.5550
 2026.0000    -29.5414
 2027.0000    -29.5278
 2028.0000    -29.5142
 2029.0000    -29.5006
 2030.0000    -29.4870
 2031.0000    -29.4734
 2032.0000    -29.4629
 2033.0000    -29.4528
 2034.0000    -29.4427
 2035.0000    -29.4326
 2036.0000    -29.4225
 2037.0000    -29.4124
 2038.0000    -29.4023
 2039.0000    -29.3922
 2040.0000    -29.3821
 2041.0000    -29.3720
 2042.0000    -29.3609
 2043.0000    -29.3497
 2044.0000    -29.3385
 2045.0000    -29.3273
 2046.0000    -29.3161
 2047.0000    -29.3049
 2048.0000    -29.2937
 2049.0000    -29.2825
 2050.0000    -29.2713
 2051.0000    -29.2601
 2052.0000    -29.2480
 2053.0000    -29.2358
 2054.0000    -29.2236
 2055.0000    -29.2114
 2056.0000    -29.1992
 2057.0000    -29.1870
 2058.0000    -29.1748
 2059.0000    -29.1626
 2060.0000    -29.1504
 2061.0000    -29.1382
 2062.0000    -29.1261
 2063.0000    -29.1140
 2064.0000    -29.1019
 2065.0000    -29.0898
 2066.0000    -29.0777
 2067.0000    -29.0656
 2068.0000    -29.0535
 2069.0000    -29.0414
 2070.0000    -29.0293
 2071.0000    -29.0172
 2072.0000    -29.0047
 2073.0000    -28.9922
 2074.0000    -28.9797
 2075.0000    -28.9673
 2076.0000    -28.9547
 2077.0000    -28.9422
 2078.0000    -28.9297
 2079.0000    -28.9172
 2080.0000    -28.9047
 2081.0000    -28.8922
 2082.0000    -28.8802
 2083.0000    -28.8682
 2084.0000    -28.8562
 2085.0000    -28.8442
 2086.0000    -28.8322
 2087.0000    -28.8202
 2088.0000    -28.8082
 2089.0000    -28.7962
 2090.0000    -28.7842
 2091.0000    -28.7722
 2092.0000    -28.7592
 2093.0000    -28.7461
 2094.0000    -28.7330
 2095.0000    -28.7199
 2096.0000    -28.7068
 2097.0000    -28.6937
 2098.0000    -28.6806
 2099.0000    -28.6675
 2100.0000    -28.6544
 2101.0000    -28.6413
 2102.0000    -28.6288
 2103.0000    -28.6164
 2104.0000    -28.6040
 2105.0000    -28.5916
 2106.0000    -28.5792
 2107.0000    -28.5668
 2108.0000    -28.5544
 2109.0000    -28.5420
 2110.0000    -28.5296
 2111.0000    -28.5172
 2112.0000    -28.5046
 2113.0000    -28.4919
 2114.0000    -28.4792
 2115.0000    -28.4665
 2116.0000    -28.4538
 2117.0000    -28.4411
 2118.0000    -28.4284
 2119.0000    -28.4157
 2120.0000    -28.4030
 2121.0000    -28.3903
 2122.0000    -28.3753
 2123.0000    -28.3601
 2124.0000    -28.3449
 2125.0000    -28.3297
 2126.0000    -28.3145
 2127.0000    -28.2993
 2128.0000    -28.2841
 2129.0000    -28.2689
 2130.0000    -28.2537
 2131.0000    -28.2385
 2132.0000    -28.2250
 2133.0000    -28.2117
 2134.0000    -28.1984
 2135.0000    -28.1851
 2136.0000    -28.1718
 2137.0000    -28.1585
 2138.0000    -28.1452
 2139.0000    -28.1319
 2140.0000    -28.1186
 2141.0000    -28.1053
 2142.0000    -28.0917
 2143.0000    -28.0780
 2144.0000    -28.0643
 2145.0000    -28.0506
 2146.0000    -28.0369
 2147.0000    -28.0232
 2148.0000    -28.0095
 2149.0000    -27.9958
 2150.0000    -27.9821
 2151.0000    -27.9684
 2152.0000    -27.9544
 2153.0000    -27.9404
 2154.0000    -27.9264
 2155.0000    -27.9124
 2156.0000    -27.8984
 2157.0000    -27.8844
 2158.0000    -27.8704
 2159.0000    -27.8564
 2160.0000    -27.8424
 2161.0000    -27.8284
 2162.0000    -27.8141
 2163.0000    -27.7998
 2164.0000    -27.7855
 2165.0000    -27.7712
 2166.0000    -27.7569
 2167.0000    -27.7426
 2168.0000    -27.7283
 2169.0000    -27.7140
 2170.0000    -27.6997
 2171.0000    -27.6854
 2172.0000    -27.6731
 2173.0000    -27.6610
 2174.0000    -27.6489
 2175.0000    -27.6368
 2176.0000    -27.6247
 2177.0000    -27.6126
 2178.0000    -27.6005
 2179.0000    -27.5884
 2180.0000    -27.5763
 2181.0000    -27.5642
 2182.0000    -27.5469
 2183.0000    -27.5290
 2184.0000    -27.5111
 2185.0000    -27.4932
 2186.0000    -27.4753
 2187.0000    -27.4574
 2188.0000    -27.4395
 2189.0000    -27.4216
 2190.0000    -27.4037
 2191.0000    -27.3858
 2192.0000    -27.3689
 2193.0000    -27.3521
 2194.0000    -27.3353
 2195.0000    -27.3185
 2196.0000    -27.3017
 2197.0000    -27.2849
 2198.0000    -27.2681
 2199.0000    -27.2513
 2200.0000    -27.2345
 2201.0000    -27.2177
 2202.0000    -27.2037
 2203.0000    -27.1900
 2204.0000    -27.1763
 2205.0000    -27.1626
 2206.0000    -27.1489
 2207.0000    -27.1352
 2208.0000    -27.1215
 2209.0000    -27.1078
 2210.0000    -27.0941
 2211.0000    -27.0804
 2212.0000    -27.0650
 2213.0000    -27.0494
 2214.0000    -27.0338
 2215.0000    -27.0182
 2216.0000    -27.0026
 2217.0000    -26.9870
 2218.0000    -26.9714
 2219.0000    -26.9558
 2220.0000    -26.9402
 2221.0000    -26.9246
 2222.0000    -26.9090
 2223.0000    -26.8934
 2224.0000    -26.8778
 2225.0000    -26.8622
 2226.0000    -26.8466
 2227.0000    -26.8310
 2228.0000    -26.8154
 2229.0000    -26.7998
 2230.0000    -26.7842
 2231.0000    -26.7686
 2232.0000    -26.7530
 2233.0000    -26.7374
 2234.0000    -26.7218
 2235.0000    -26.7062
 2236.0000    -26.6906
 2237.0000    -26.6750
 2238.0000    -26.6594
 2239.0000    -26.6438
 2240.0000    -26.6282
 2241.0000    -26.6126
 2242.0000    -26.5932
 2243.0000    -26.5734
 2244.0000    -26.5536
 2245.0000    -26.5338
 2246.0000    -26.5140
 2247.0000    -26.4942
 2248.0000    -26.4744
 2249.0000    -26.4546
 2250.0000    -26.4348
 2251.0000    -26.4150
 2252.0000    -26.4002
 2253.0000    -26.3860
 2254.0000    -26.3718
 2255.0000    -26.3576
 2256.0000    -26.3434
 2257.0000    -26.3292
 2258.0000    -26.3150
 2259.0000    -26.3008
 2260.0000    -26.2866
 2261.0000    -26.2724
 2262.0000    -26.2579
 2263.0000    -26.2433
 2264.0000    -26.2287
 2265.0000    -26.2141
 2266.0000    -26.1995
 2267.0000    -26.1849
 2268.0000    -26.1703
 2269.0000    -26.1557
 2270.0000    -26.1411
 2271.0000    -26.1265
 2272.0000    -26.1047
 2273.0000    -26.0823
 2274.0000    -26.0597
 2275.0000    -26.0372
 2276.0000    -26.0147
 2277.0000    -25.9922
 2278.0000    -25.9697
 2279.0000    -25.9472
 2280.0000    -25.9248
 2281.0000    -25.9022
 2282.0000    -25.8869
 2283.0000    -25.8723
 2284.0000    -25.8577
 2285.0000    -25.8431
 2286.0000    -25.8285
 2287.0000    -25.8139
 2288.0000    -25.7993
 2289.0000    -25.7847
 2290.0000    -25.7701
 2291.0000    -25.7555
 2292.0000    -25.7406
 2293.0000    -25.7257
 2294.0000    -25.7108
 2295.0000    -25.6959
 2296.0000    -25.6810
 2297.0000    -25.6661
 2298.0000    -25.6512
 2299.0000    -25.6363
 2300.0000    -25.6214
 2301.0000    -25.6065
 2302.0000    -25.5847
 2303.0000    -25.5622
 2304.0000    -25.5397
 2305.0000    -25.5172
 2306.0000    -25.4947
 2307.0000    -25.4722
 2308.0000    -25.4497
 2309.0000    -25.4272
 2310.0000    -25.4048
 2311.0000    -25.3822
 2312.0000    -25.3655
 2313.0000    -25.3494
 2314.0000    -25.3333
 2315.0000    -25.3172
 2316.0000    -25.3011
 2317.0000    -25.2850
 2318.0000    -25.2689
 2319.0000    -25.2528
 2320.0000    -25.2367
 2321.0000    -25.2206
 2322.0000    -25.2033
 2323.0000    -25.1857
 2324.0000    -25.1682
 2325.0000    -25.1507
 2326.0000    -25.1333
 2327.0000    -25.1157
 2328.0000    -25.0982
 2329.0000    -25.0807
 2330.0000    -25.0633
 2331.0000    -25.0457
 2332.0000    -25.0300
 2333.0000    -25.0146
 2334.0000    -24.9990
 2335.0000    -24.9836
 2336.0000    -24.9680
 2337.0000    -24.9525
 2338.0000    -24.9370
 2339.0000    -24.9215
 2340.0000    -24.9060
 2341.0000    -24.8906
 2342.0000    -24.8667
 2343.0000    -24.8419
 2344.0000    -24.8171
 2345.0000    -24.7923
 2346.0000    -24.7675
 2347.0000    -24.7427
 2348.0000    -24.7179
 2349.0000    -24.6931
 2350.0000    -24.6683
 2351.0000    -24.6435
 2352.0000    -24.6261
 2353.0000    -24.6095
 2354.0000    -24.5929
 2355.0000    -24.5763
 2356.0000    -24.5597
 2357.0000    -24.5431
 2358.0000    -24.5265
 2359.0000    -24.5099
 2360.0000    -24.4933
 2361.0000    -24.4767
 2362.0000    -24.4589
 2363.0000    -24.4410
 2364.0000    -24.4231
 2365.0000    -24.4052
 2366.0000    -24.3873
 2367.0000    -24.3694
 2368.0000    -24.3515
 2369.0000    -24.3336
 2370.0000    -24.3157
 2371.0000    -24.2978
 2372.0000    -24.2793
 2373.0000    -24.2607
 2374.0000    -24.2421
 2375.0000    -24.2235
 2376.0000    -24.2049
 2377.0000    -24.1863
 2378.0000    -24.1677
 2379.0000    -24.1491
 2380.0000    -24.1305
 2381.0000    -24.1119
 2382.0000    -24.0899
 2383.0000    -24.0676
 2384.0000    -24.0453
 2385.0000    -24.0230
 2386.0000    -24.0007
 2387.0000    -23.9784
 2388.0000    -23.9561
 2389.0000    -23.9338
 2390.0000    -23.9115
 2391.0000    -23.8892
 2392.0000    -23.8711
 2393.0000    -23.8534
 2394.0000    -23.8357
 2395.0000    -23.8180
 2396.0000    -23.8003
 2397.0000    -23.7826
 2398.0000    -23.7649
 2399.0000    -23.7472
 2400.0000    -23.7295
 2401.0000    -23.7118
 2402.0000    -23.6947
 2403.0000    -23.6777
 2404.0000    -23.6607
 2405.0000    -23.6437
 2406.0000    -23.6267
 2407.0000    -23.6097
 2408.0000    -23.5927
 2409.0000    -23.5757
 2410.0000    -23.5587
 2411.0000    -23.5417
 2412.0000    -23.5180
 2413.0000    -23.4936
 2414.0000    -23.4692
 2415.0000    -23.4448
 2416.0000    -23.4204
 2417.0000    -23.3960
 2418.0000    -23.3716
 2419.0000    -23.3472
 2420.0000    -23.3228
 2421.0000    -23.2984
 2422.0000    -23.2794
 2423.0000    -23.2610
 2424.0000    -23.2426
 2425.0000    -23.2242
 2426.0000    -23.2058
 2427.0000    -23.1874
 2428.0000    -23.1690
 2429.0000    -23.1506
 2430.0000    -23.1322
 2431.0000    -23.1138
 2432.0000    -23.0962
 2433.0000    -23.0786
 2434.0000    -23.0610
 2435.0000    -23.0434
 2436.0000    -23.0258
 2437.0000    -23.0082
 2438.0000    -22.9906
 2439.0000    -22.9730
 2440.0000    -22.9554
 2441.0000    -22.9378
 2442.0000    -22.9122
 2443.0000    -22.8858
 2444.0000    -22.8594
 2445.0000    -22.8330
 2446.0000    -22.8066
 2447.0000    -22.7802
 2448.0000    -22.7538
 2449.0000    -22.7274
 2450.0000    -22.7010
 2451.0000    -22.6746
 2452.0000    -22.6553
 2453.0000    -22.6367
 2454.0000    -22.6181
 2455.0000    -22.5995
 2456.0000    -22.5809
 2457.0000    -22.5623
 2458.0000    -22.5437
 2459.0000    -22.5251
 2460.0000    -22.5065
 2461.0000    -22.4879
 2462.0000    -22.4707
 2463.0000    -22.4537
 2464.0000    -22.4367
 2465.0000    -22.4197
 2466.0000    -22.4027
 2467.0000    -22.3857
 2468.0000    -22.3687
 2469.0000    -22.3517
 2470.0000    -22.3347
 2471.0000    -22.3177
 2472.0000    -22.2894
 2473.0000    -22.2599
 2474.0000    -22.2304
 2475.0000    -22.2009
 2476.0000    -22.1715
 2477.0000    -22.1419
 2478.0000    -22.1124
 2479.0000    -22.0829
 2480.0000    -22.0534
 2481.0000    -22.0239
 2482.0000    -22.0053
 2483.0000    -21.9877
 2484.0000    -21.9702
 2485.0000    -21.9527
 2486.0000    -21.9352
 2487.0000    -21.9177
 2488.0000    -21.9003
 2489.0000    -21.8827
 2490.0000    -21.8653
 2491.0000    -21.8477
 2492.0000    -21.8288
 2493.0000    -21.8097
 2494.0000    -21.7906
 2495.0000    -21.7715
 2496.0000    -21.7524
 2497.0000    -21.7333
 2498.0000    -21.7142
 2499.0000    -21.6951
 2500.0000    -21.6760
 2501.0000    -21.6569
 2502.0000    -21.6303
 2503.0000    -21.6028
 2504.0000    -21.5752
 2505.0000    -21.5477
 2506.0000    -21.5202
 2507.0000    -21.4927
 2508.0000    -21.4652
 2509.0000    -21.4377
 2510.0000    -21.4102
 2511.0000    -21.3827
 2512.0000    -21.3627
 2513.0000    -21.3435
 2514.0000    -21.3243
 2515.0000    -21.3051
 2516.0000    -21.2859
 2517.0000    -21.2667
 2518.0000    -21.2475
 2519.0000    -21.2283
 2520.0000    -21.2091
 2521.0000    -21.1899
 2522.0000    -21.1706
 2523.0000    -21.1513
 2524.0000    -21.1320
 2525.0000    -21.1127
 2526.0000    -21.0934
 2527.0000    -21.0741
 2528.0000    -21.0548
 2529.0000    -21.0355
 2530.0000    -21.0162
 2531.0000    -20.9969
 2532.0000    -20.9697
 2533.0000    -20.9416
 2534.0000    -20.9135
 2535.0000    -20.8854
 2536.0000    -20.8573
 2537.0000    -20.8292
 2538.0000    -20.8011
 2539.0000    -20.7730
 2540.0000    -20.7449
 2541.0000    -20.7168
 2542.0000    -20.6968
 2543.0000    -20.6777
 2544.0000    -20.6586
 2545.0000    -20.6395
 2546.0000    -20.6204
 2547.0000    -20.6013
 2548.0000    -20.5822
 2549.0000    -20.5631
 2550.0000    -20.5440
 2551.0000    -20.5249
 2552.0000    -20.5027
 2553.0000    -20.4801
 2554.0000    -20.4575
 2555.0000    -20.4349
 2556.0000    -20.4123
 2557.0000    -20.3897
 2558.0000    -20.3671
 2559.0000    -20.3445
 2560.0000    -20.3219
 2561.0000    -20.2993
 2562.0000    -20.2788
 2563.0000    -20.2586
 2564.0000    -20.2384
 2565.0000    -20.2182
 2566.0000    -20.1980
 2567.0000    -20.1778
 2568.0000    -20.1576
 2569.0000    -20.1374
 2570.0000    -20.1172
 2571.0000    -20.0970
 2572.0000    -20.0710
 2573.0000    -20.0443
 2574.0000    -20.0176
 2575.0000    -19.9909
 2576.0000    -19.9642
 2577.0000    -19.9375
 2578.0000    -19.9108
 2579.0000    -19.8841
 2580.0000    -19.8574
 2581.0000    -19.8307
 2582.0000    -19.8073
 2583.0000    -19.7843
 2584.0000    -19.7613
 2585.0000    -19.7383
 2586.0000    -19.7153
 2587.0000    -19.6923
 2588.0000    -19.6693
 2589.0000    -19.6463
 2590.0000    -19.6233
 2591.0000    -19.6003
 2592.0000    -19.5783
 2593.0000    -19.5564
 2594.0000    -19.5345
 2595.0000    -19.5126
 2596.0000    -19.4907
 2597.0000    -19.4688
 2598.0000    -19.4469
 2599.0000    -19.4250
 2600.0000    -19.4031
 2601.0000    -19.3812
 2602.0000    -19.3613
 2603.0000    -19.3416
 2604.0000    -19.3219
 2605.0000    -19.3022
 2606.0000    -19.2825
 2607.0000    -19.2628
 2608.0000    -19.2431
 2609.0000    -19.2234
 2610.0000    -19.2037
 2611.0000    -19.1840
 2612.0000    -19.1550
 2613.0000    -19.1250
 2614.0000    -19.0950
 2615.0000    -19.0650
 2616.0000    -19.0350
 2617.0000    -19.0050
 2618.0000    -18.9750
 2619.0000    -18.9450
 2620.0000    -18.9150
 2621.0000    -18.8850
 2622.0000    -18.8653
 2623.0000    -18.8467
 2624.0000    -18.8281
 2625.0000    -18.8095
 2626.0000    -18.7909
 2627.0000    -18.7723
 2628.0000    -18.7537
 2629.0000    -18.7351
 2630.0000    -18.7165
 2631.0000    -18.6979
 2632.0000    -18.6690
 2633.0000    -18.6390
 2634.0000    -18.6090
 2635.0000    -18.5790
 2636.0000    -18.5490
 2637.0000    -18.5190
 2638.0000    -18.4890
 2639.0000    -18.4590
 2640.0000    -18.4290
 2641.0000    -18.3990
 2642.0000    -18.3808
 2643.0000    -18.3639
 2644.0000    -18.3470
 2645.0000    -18.3301
 2646.0000    -18.3132
 2647.0000    -18.2963
 2648.0000    -18.2794
 2649.0000    -18.2625
 2650.0000    -18.2456
 2651.0000    -18.2287
 2652.0000    -18.1989
 2653.0000    -18.1677
 2654.0000    -18.1365
 2655.0000    -18.1053
 2656.0000    -18.0741
 2657.0000    -18.0429
 2658.0000    -18.0117
 2659.0000    -17.9805
 2660.0000    -17.9493
 2661.0000    -17.9181
 2662.0000    -17.8971
 2663.0000    -17.8772
 2664.0000    -17.8573
 2665.0000    -17.8374
 2666.0000    -17.8175
 2667.0000    -17.7976
 2668.0000    -17.7777
 2669.0000    -17.7578
 2670.0000    -17.7379
 2671.0000    -17.7180
 2672.0000    -17.6947
 2673.0000    -17.6710
 2674.0000    -17.6473
 2675.0000    -17.6236
 2676.0000    -17.5999
 2677.0000    -17.5762
 2678.0000    -17.5525
 2679.0000    -17.5288
 2680.0000    -17.5051
 2681.0000    -17.4814
 2682.0000    -17.4600
 2683.0000    -17.4389
 2684.0000    -17.4178
 2685.0000    -17.3967
 2686.0000    -17.3756
 2687.0000    -17.3545
 2688.0000    -17.3334
 2689.0000    -17.3123
 2690.0000    -17.2912
 2691.0000    -17.2701
 2692.0000    -17.2390
 2693.0000    -17.2068
 2694.0000    -17.1746
 2695.0000    -17.1424
 2696.0000    -17.1102
 2697.0000    -17.0780
 2698.0000    -17.0458
 2699.0000    -17.0136
 2700.0000    -16.9814
 2701.0000    -16.9492
 2702.0000    -16.9273
 2703.0000    -16.9065
 2704.0000    -16.8857
 2705.0000    -16.8649
 2706.0000    -16.8441
 2707.0000    -16.8233
 2708.0000    -16.8025
 2709.0000    -16.7817
 2710.0000    -16.7609
 2711.0000    -16.7401
 2712.0000    -16.7160
 2713.0000    -16.6916
 2714.0000    -16.6672
 2715.0000    -16.6428
 2716.0000    -16.6184
 2717.0000    -16.5940
 2718.0000    -16.5696
 2719.0000    -16.5452
 2720.0000    -16.5208
 2721.0000    -16.4964
 2722.0000    -16.4732
 2723.0000    -16.4501
 2724.0000    -16.4270
 2725.0000    -16.4039
 2726.0000    -16.3808
 2727.0000    -16.3577
 2728.0000    -16.3346
 2729.0000    -16.3115
 2730.0000    -16.2884
 2731.0000    -16.2653
 2732.0000    -16.2362
 2733.0000    -16.2064
 2734.0000    -16.1766
 2735.0000    -16.1468
 2736.0000    -16.1170
 2737.0000    -16.0872
 2738.0000    -16.0574
 2739.0000    -16.0276
 2740.0000    -15.9978
 2741.0000    -15.9680
 2742.0000    -15.9448
 2743.0000    -15.9224
 2744.0000    -15.9000
 2745.0000    -15.8776
 2746.0000    -15.8552
 2747.0000    -15.8328
 2748.0000    -15.8104
 2749.0000    -15.7880
 2750.0000    -15.7656
 2751.0000    -15.7432
 2752.0000    -15.7215
 2753.0000    -15.6998
 2754.0000    -15.6781
 2755.0000    -15.6564
 2756.0000    -15.6347
 2757.0000    -15.6130
 2758.0000    -15.5913
 2759.0000    -15.5696
 2760.0000    -15.5479
 2761.0000    -15.5262
 2762.0000    -15.4964
 2763.0000    -15.4657
 2764.0000    -15.4350
 2765.0000    -15.4043
 2766.0000    -15.3736
 2767.0000    -15.3429
 2768.0000    -15.3122
 2769.0000    -15.2815
 2770.0000    -15.2508
 2771.0000    -15.2201
 2772.0000    -15.1992
 2773.0000    -15.1794
 2774.0000    -15.1596
 2775.0000    -15.1398
 2776.0000    -15.1200
 2777.0000    -15.1002
 2778.0000    -15.0804
 2779.0000    -15.0606
 2780.0000    -15.0408
 2781.0000    -15.0210
 2782.0000    -14.9910
 2783.0000    -14.9599
 2784.0000    -14.9288
 2785.0000    -14.8977
 2786.0000    -14.8666
 2787.0000    -14.8355
 2788.0000    -14.8044
 2789.0000    -14.7733
 2790.0000    -14.7422
 2791.0000    -14.7111
 2792.0000    -14.6893
 2793.0000    -14.6685
 2794.0000    -14.6477
 2795.0000    -14.6269
 2796.0000    -14.6061
 2797.0000    -14.5853
 2798.0000    -14.5645
 2799.0000    -14.5437
 2800.0000    -14.5229
 2801.0000    -14.5021
 2802.0000    -14.4735
 2803.0000    -14.4441
 2804.0000    -14.4147
 2805.0000    -14.3853
 2806.0000    -14.3559
 2807.0000    -14.3265
 2808.0000    -14.2971
 2809.0000    -14.2677
 2810.0000    -14.2383
 2811.0000    -14.2089
 2812.0000    -14.1864
 2813.0000    -14.1646
 2814.0000    -14.1428
 2815.0000    -14.1210
 2816.0000    -14.0992
 2817.0000    -14.0774
 2818.0000    -14.0556
 2819.0000    -14.0338
 2820.0000    -14.0120
 2821.0000    -13.9902
 2822.0000    -13.9611
 2823.0000    -13.9312
 2824.0000    -13.9013
 2825.0000    -13.8714
 2826.0000    -13.8415
 2827.0000    -13.8116
 2828.0000    -13.7817
 2829.0000    -13.7518
 2830.0000    -13.7219
 2831.0000    -13.6920
 2832.0000    -13.6676
 2833.0000    -13.6438
 2834.0000    -13.6200
 2835.0000    -13.5962
 2836.0000    -13.5724
 2837.0000    -13.5486
 2838.0000    -13.5248
 2839.0000    -13.5010
 2840.0000    -13.4772
 2841.0000    -13.4534
 2842.0000    -13.4247
 2843.0000    -13.3955
 2844.0000    -13.3663
 2845.0000    -13.3371
 2846.0000    -13.3079
 2847.0000    -13.2787
 2848.0000    -13.2495
 2849.0000    -13.2203
 2850.0000    -13.1911
 2851.0000    -13.1619
 2852.0000    -13.1379
 2853.0000    -13.1143
 2854.0000    -13.0908
 2855.0000    -13.0673
 2856.0000    -13.0438
 2857.0000    -13.0203
 2858.0000    -12.9968
 2859.0000    -12.9733
 2860.0000    -12.9498
 2861.0000    -12.9263
 2862.0000    -12.9030
 2863.0000    -12.8797
 2864.0000    -12.8564
 2865.0000    -12.8331
 2866.0000    -12.8098
 2867.0000    -12.7865
 2868.0000    -12.7632
 2869.0000    -12.7399
 2870.0000    -12.7166
 2871.0000    -12.6933
 2872.0000    -12.6619
 2873.0000    -12.6296
 2874.0000    -12.5973
 2875.0000    -12.5650
 2876.0000    -12.5327
 2877.0000    -12.5004
 2878.0000    -12.4681
 2879.0000    -12.4358
 2880.0000    -12.4035
 2881.0000    -12.3712
 2882.0000    -12.3513
 2883.0000    -12.3328
 2884.0000    -12.3143
 2885.0000    -12.2958
 2886.0000    -12.2773
 2887.0000    -12.2588
 2888.0000    -12.2403
 2889.0000    -12.2218
 2890.0000    -12.2033
 2891.0000    -12.1848
 2892.0000    -12.1537
 2893.0000    -12.1212
 2894.0000    -12.0887
 2895.0000    -12.0562
 2896.0000    -12.0237
 2897.0000    -11.9912
 2898.0000    -11.9587
 2899.0000    -11.9262
 2900.0000    -11.8937
 2901.0000    -11.8612
 2902.0000    -11.8390
 2903.0000    -11.8179
 2904.0000    -11.7968
 2905.0000    -11.7757
 2906.0000    -11.7546
 2907.0000    -11.7335
 2908.0000    -11.7124
 2909.0000    -11.6913
 2910.0000    -11.6702
 2911.0000    -11.6491
 2912.0000    -11.6202
 2913.0000    -11.5904
 2914.0000    -11.5606
 2915.0000    -11.5308
 2916.0000    -11.5010
 2917.0000    -11.4712
 2918.0000    -11.4414
 2919.0000    -11.4116
 2920.0000    -11.3818
 2921.0000    -11.3520
 2922.0000    -11.3242
 2923.0000    -11.2967
 2924.0000    -11.2692
 2925.0000    -11.2417
 2926.0000    -11.2142
 2927.0000    -11.1867
 2928.0000    -11.1592
 2929.0000    -11.1317
 2930.0000    -11.1042
 2931.0000    -11.0767
 2932.0000    -11.0491
 2933.0000    -11.0214
 2934.0000    -10.9937
 2935.0000    -10.9660
 2936.0000    -10.9383
 2937.0000    -10.9106
 2938.0000    -10.8829
 2939.0000    -10.8552
 2940.0000    -10.8275
 2941.0000    -10.7998
 2942.0000    -10.7749
 2943.0000    -10.7503
 2944.0000    -10.7257
 2945.0000    -10.7011
 2946.0000    -10.6765
 2947.0000    -10.6519
 2948.0000    -10.6273
 2949.0000    -10.6027
 2950.0000    -10.5781
 2951.0000    -10.5535
 2952.0000    -10.5269
 2953.0000    -10.5001
 2954.0000    -10.4733
 2955.0000    -10.4465
 2956.0000    -10.4197
 2957.0000    -10.3929
 2958.0000    -10.3661
 2959.0000    -10.3393
 2960.0000    -10.3125
 2961.0000    -10.2857
 2962.0000    -10.2592
 2963.0000    -10.2328
 2964.0000    -10.2064
 2965.0000    -10.1800
 2966.0000    -10.1536
 2967.0000    -10.1272
 2968.0000    -10.1008
 2969.0000    -10.0744
 2970.0000    -10.0480
 2971.0000    -10.0216
 2972.0000     -9.9937
 2973.0000     -9.9656
 2974.0000     -9.9375
 2975.0000     -9.9094
 2976.0000     -9.8813
 2977.0000     -9.8532
 2978.0000     -9.8251
 2979.0000     -9.7970
 2980.0000     -9.7689
 2981.0000     -9.7408
 2982.0000     -9.7144
 2983.0000     -9.6882
 2984.0000     -9.6620
 2985.0000     -9.6358
 2986.0000     -9.6096
 2987.0000     -9.5834
 2988.0000     -9.5572
 2989.0000     -9.5310
 2990.0000     -9.5048
 2991.0000     -9.4786
 2992.0000     -9.4529
 2993.0000     -9.4272
 2994.0000     -9.4015
 2995.0000     -9.3758
 2996.0000     -9.3501
 2997.0000     -9.3244
 2998.0000     -9.2987
 2999.0000     -9.2730
 3000.0000     -9.2473
 3001.0000     -9.2216
 3002.0000     -9.1903
 3003.0000     -9.1584
 3004.0000     -9.1265
 3005.0000     -9.0946
 3006.0000     -9.0627
 3007.0000     -9.0308
 3008.0000     -8.9989
 3009.0000     -8.9670
 3010.0000     -8.9351
 3011.0000     -8.9032
 3012.0000     -8.8819
 3013.0000     -8.8618
 3014.0000     -8.8417
 3015.0000     -8.8216
 3016.0000     -8.8015
 3017.0000     -8.7814
 3018.0000     -8.7613
 3019.0000     -8.7412
 3020.0000     -8.7211
 3021.0000     -8.7010
 3022.0000     -8.6572
 3023.0000     -8.6107
 3024.0000     -8.5643
 3025.0000     -8.5178
 3026.0000     -8.4713
 3027.0000     -8.4249
